id,Week,item_id,search_volume_forecast
2025-07-061,6-7-2025,1,46.741459765065294
2025-07-131,13-7-2025,1,46.87631285024801
2025-07-201,20-7-2025,1,46.67840963376324
2025-07-271,27-7-2025,1,45.37561684616784
2025-08-031,3-8-2025,1,45.799510833874386
2025-08-101,10-8-2025,1,46.10753817008969
2025-08-171,17-8-2025,1,45.36209967800827
2025-08-241,24-8-2025,1,46.91094127623061
2025-08-311,31-8-2025,1,47.397660663673925
2025-07-062,6-7-2025,2,1.501770883624535
2025-07-132,13-7-2025,2,1.6869319921624328
2025-07-202,20-7-2025,2,1.4914015205388358
2025-07-272,27-7-2025,2,1.6869319921624328
2025-08-032,3-8-2025,2,1.5024319921624327
2025-08-102,10-8-2025,2,1.5024319921624327
2025-08-172,17-8-2025,2,1.6869319921624328
2025-08-242,24-8-2025,2,1.5024319921624327
2025-08-312,31-8-2025,2,1.6869319921624328
2025-07-063,6-7-2025,3,8.503941977197034
2025-07-133,13-7-2025,3,8.503941977197034
2025-07-203,20-7-2025,3,8.554149669319088
2025-07-273,27-7-2025,3,8.554149669319088
2025-08-033,3-8-2025,3,8.554149669319088
2025-08-103,10-8-2025,3,8.554149669319088
2025-08-173,17-8-2025,3,8.554149669319088
2025-08-243,24-8-2025,3,8.554149669319088
2025-08-313,31-8-2025,3,8.554149669319088
2025-07-064,6-7-2025,4,11.216157546620824
2025-07-134,13-7-2025,4,11.961654825079895
2025-07-204,20-7-2025,4,10.159621274176494
2025-07-274,27-7-2025,4,11.918805983739158
2025-08-034,3-8-2025,4,10.116772432835756
2025-08-104,10-8-2025,4,10.157812065347484
2025-08-174,17-8-2025,4,10.12137094816066
2025-08-244,24-8-2025,4,12.519028760405394
2025-08-314,31-8-2025,4,10.157812065347484
2025-07-065,6-7-2025,5,8.169549783404847
2025-07-135,13-7-2025,5,7.0137507778455905
2025-07-205,20-7-2025,5,7.0137507778455905
2025-07-275,27-7-2025,5,5.297061070247009
2025-08-035,3-8-2025,5,7.0137507778455905
2025-08-105,10-8-2025,5,5.297061070247009
2025-08-175,17-8-2025,5,7.0137507778455905
2025-08-245,24-8-2025,5,0.0
2025-08-315,31-8-2025,5,0.0
2025-07-066,6-7-2025,6,7.77247702715145
2025-07-136,13-7-2025,6,7.77247702715145
2025-07-206,20-7-2025,6,7.77247702715145
2025-07-276,27-7-2025,6,7.788802048355193
2025-08-036,3-8-2025,6,7.788802048355193
2025-08-106,10-8-2025,6,8.875165983510632
2025-08-176,17-8-2025,6,8.875165983510632
2025-08-246,24-8-2025,6,9.013191168218052
2025-08-316,31-8-2025,6,10.372895889604104
2025-07-067,6-7-2025,7,43.32760157331619
2025-07-137,13-7-2025,7,45.86277396420544
2025-07-207,20-7-2025,7,46.719242200584596
2025-07-277,27-7-2025,7,48.48007409802401
2025-08-037,3-8-2025,7,47.31407839323414
2025-08-107,10-8-2025,7,47.87686820554764
2025-08-177,17-8-2025,7,47.459203768567015
2025-08-247,24-8-2025,7,46.88605112620676
2025-08-317,31-8-2025,7,49.54431722277141
2025-07-068,6-7-2025,8,41.95695727217166
2025-07-138,13-7-2025,8,42.81902266470964
2025-07-208,20-7-2025,8,43.97539722020333
2025-07-278,27-7-2025,8,42.02613571099971
2025-08-038,3-8-2025,8,42.62613152745218
2025-08-108,10-8-2025,8,43.84994143263909
2025-08-178,17-8-2025,8,43.84994143263909
2025-08-248,24-8-2025,8,42.67839428068134
2025-08-318,31-8-2025,8,43.455806036429
2025-07-069,6-7-2025,9,39.02218024038248
2025-07-139,13-7-2025,9,39.11137479110576
2025-07-209,20-7-2025,9,39.11137479110576
2025-07-279,27-7-2025,9,39.11137479110576
2025-08-039,3-8-2025,9,39.28128001998424
2025-08-109,10-8-2025,9,39.28128001998424
2025-08-179,17-8-2025,9,39.433939070782394
2025-08-249,24-8-2025,9,39.29723323551398
2025-08-319,31-8-2025,9,39.22323287216215
2025-07-0610,6-7-2025,10,38.34279682565201
2025-07-1310,13-7-2025,10,38.27805111079647
2025-07-2010,20-7-2025,10,40.04072914046454
2025-07-2710,27-7-2025,10,38.71588300114969
2025-08-0310,3-8-2025,10,38.29822580959742
2025-08-1010,10-8-2025,10,38.2415228727838
2025-08-1710,17-8-2025,10,37.96538950237022
2025-08-2410,24-8-2025,10,39.63429767505375
2025-08-3110,31-8-2025,10,40.56663155605086
2025-07-0611,6-7-2025,11,27.05178681397695
2025-07-1311,13-7-2025,11,27.21874780184721
2025-07-2011,20-7-2025,11,27.05178681397695
2025-07-2711,27-7-2025,11,27.06760223405362
2025-08-0311,3-8-2025,11,27.20840280768673
2025-08-1011,10-8-2025,11,27.20840280768673
2025-08-1711,17-8-2025,11,30.3339975117088
2025-08-2411,24-8-2025,11,29.624105914473937
2025-08-3111,31-8-2025,11,32.4495251936455
2025-07-0612,6-7-2025,12,58.334330028655415
2025-07-1312,13-7-2025,12,58.479236639663945
2025-07-2012,20-7-2025,12,58.048834539448016
2025-07-2712,27-7-2025,12,58.048834539448016
2025-08-0312,3-8-2025,12,58.05596622995032
2025-08-1012,10-8-2025,12,58.34691139239204
2025-08-1712,17-8-2025,12,58.05596622995032
2025-08-2412,24-8-2025,12,59.88762539923364
2025-08-3112,31-8-2025,12,58.1243315049853
2025-07-0613,6-7-2025,13,45.815632303100145
2025-07-1313,13-7-2025,13,45.11565161056299
2025-07-2013,20-7-2025,13,47.75500677824612
2025-07-2713,27-7-2025,13,47.741018503432414
2025-08-0313,3-8-2025,13,47.76967567632211
2025-08-1013,10-8-2025,13,47.391179131163994
2025-08-1713,17-8-2025,13,46.694126943663974
2025-08-2413,24-8-2025,13,45.89244574449992
2025-08-3113,31-8-2025,13,45.89244574449992
2025-07-0614,6-7-2025,14,42.36669989082284
2025-07-1314,13-7-2025,14,42.70989263668424
2025-07-2014,20-7-2025,14,38.02870171178312
2025-07-2714,27-7-2025,14,37.74119862681753
2025-08-0314,3-8-2025,14,37.76324981415406
2025-08-1014,10-8-2025,14,37.870619029917904
2025-08-1714,17-8-2025,14,36.43957959357645
2025-08-2414,24-8-2025,14,35.69694351724523
2025-08-3114,31-8-2025,14,34.35167010855793
2025-07-0615,6-7-2025,15,43.1332317802153
2025-07-1315,13-7-2025,15,43.70424837675754
2025-07-2015,20-7-2025,15,43.23788927113296
2025-07-2715,27-7-2025,15,43.197403232436
2025-08-0315,3-8-2025,15,43.418127956937546
2025-08-1015,10-8-2025,15,43.31152963980071
2025-08-1715,17-8-2025,15,43.61405115467563
2025-08-2415,24-8-2025,15,43.50579020262174
2025-08-3115,31-8-2025,15,43.49053417579306
2025-07-0616,6-7-2025,16,0.0
2025-07-1316,13-7-2025,16,0.0
2025-07-2016,20-7-2025,16,0.0
2025-07-2716,27-7-2025,16,0.0
2025-08-0316,3-8-2025,16,0.0
2025-08-1016,10-8-2025,16,0.0
2025-08-1716,17-8-2025,16,0.0
2025-08-2416,24-8-2025,16,0.0
2025-08-3116,31-8-2025,16,0.0
2025-07-0617,6-7-2025,17,22.70847845929223
2025-07-1317,13-7-2025,17,22.042308796932637
2025-07-2017,20-7-2025,17,22.0694107766462
2025-07-2717,27-7-2025,17,22.03253430702708
2025-08-0317,3-8-2025,17,21.936790858337503
2025-08-1017,10-8-2025,17,21.74107600515165
2025-08-1717,17-8-2025,17,21.74107600515165
2025-08-2417,24-8-2025,17,21.74107600515165
2025-08-3117,31-8-2025,17,21.74107600515165
2025-07-0618,6-7-2025,18,66.8435217373841
2025-07-1318,13-7-2025,18,68.09947663280818
2025-07-2018,20-7-2025,18,68.65329959478285
2025-07-2718,27-7-2025,18,66.71149934428773
2025-08-0318,3-8-2025,18,64.57078193118814
2025-08-1018,10-8-2025,18,64.16902385378263
2025-08-1718,17-8-2025,18,64.96810322503495
2025-08-2418,24-8-2025,18,64.54626947859965
2025-08-3118,31-8-2025,18,58.60871607571861
2025-07-0619,6-7-2025,19,45.33448279242881
2025-07-1319,13-7-2025,19,45.01564174385316
2025-07-2019,20-7-2025,19,47.100993763879046
2025-07-2719,27-7-2025,19,47.35043102834785
2025-08-0319,3-8-2025,19,45.57081225117228
2025-08-1019,10-8-2025,19,45.0816048134949
2025-08-1719,17-8-2025,19,45.0816048134949
2025-08-2419,24-8-2025,19,47.1362216580116
2025-08-3119,31-8-2025,19,47.1362216580116
2025-07-0620,6-7-2025,20,4.832002288626914
2025-07-1320,13-7-2025,20,4.832002288626914
2025-07-2020,20-7-2025,20,4.832002288626914
2025-07-2720,27-7-2025,20,6.539151375127066
2025-08-0320,3-8-2025,20,5.380219010073562
2025-08-1020,10-8-2025,20,5.349587005652625
2025-08-1720,17-8-2025,20,6.9024562209516205
2025-08-2420,24-8-2025,20,7.117854224703763
2025-08-3120,31-8-2025,20,7.456053902124895
2025-07-0621,6-7-2025,21,49.50907578970681
2025-07-1321,13-7-2025,21,49.50907578970681
2025-07-2021,20-7-2025,21,49.52316931941452
2025-07-2721,27-7-2025,21,49.62721242217451
2025-08-0321,3-8-2025,21,49.92382264476862
2025-08-1021,10-8-2025,21,49.92382264476862
2025-08-1721,17-8-2025,21,50.11369552944214
2025-08-2421,24-8-2025,21,50.11369552944214
2025-08-3121,31-8-2025,21,50.11369552944214
2025-07-0622,6-7-2025,22,40.08156111380575
2025-07-1322,13-7-2025,22,35.269466537062144
2025-07-2022,20-7-2025,22,41.20454514222496
2025-07-2722,27-7-2025,22,42.53884214961957
2025-08-0322,3-8-2025,22,41.48507277198746
2025-08-1022,10-8-2025,22,40.40545053141253
2025-08-1722,17-8-2025,22,33.933290093070966
2025-08-2422,24-8-2025,22,41.80617038312688
2025-08-3122,31-8-2025,22,41.62551247367914
2025-07-0623,6-7-2025,23,5.7600442181900595
2025-07-1323,13-7-2025,23,5.7600442181900595
2025-07-2023,20-7-2025,23,5.759652104266843
2025-07-2723,27-7-2025,23,5.7600442181900595
2025-08-0323,3-8-2025,23,6.34189490338789
2025-08-1023,10-8-2025,23,5.7600442181900595
2025-08-1723,17-8-2025,23,6.34189490338789
2025-08-2423,24-8-2025,23,6.34189490338789
2025-08-3123,31-8-2025,23,6.34189490338789
2025-07-0624,6-7-2025,24,75.98447285569247
2025-07-1324,13-7-2025,24,75.82467772207099
2025-07-2024,20-7-2025,24,75.6578543683998
2025-07-2724,27-7-2025,24,74.7890659782308
2025-08-0324,3-8-2025,24,72.52277670273541
2025-08-1024,10-8-2025,24,70.91622715786642
2025-08-1724,17-8-2025,24,69.94178943897992
2025-08-2424,24-8-2025,24,68.42074040439398
2025-08-3124,31-8-2025,24,68.4546130920847
2025-07-0625,6-7-2025,25,0.5608831844754624
2025-07-1325,13-7-2025,25,0.1780816826383134
2025-07-2025,20-7-2025,25,0.0929363188466561
2025-07-2725,27-7-2025,25,2.626615053078608
2025-08-0325,3-8-2025,25,0.0
2025-08-1025,10-8-2025,25,0.0
2025-08-1725,17-8-2025,25,2.407264813198786
2025-08-2425,24-8-2025,25,3.0770433000387096
2025-08-3125,31-8-2025,25,3.888535266634845
2025-07-0626,6-7-2025,26,0.0
2025-07-1326,13-7-2025,26,0.0
2025-07-2026,20-7-2025,26,0.0
2025-07-2726,27-7-2025,26,0.0
2025-08-0326,3-8-2025,26,0.0
2025-08-1026,10-8-2025,26,0.0
2025-08-1726,17-8-2025,26,0.0
2025-08-2426,24-8-2025,26,0.0
2025-08-3126,31-8-2025,26,0.0
2025-07-0627,6-7-2025,27,50.44068534455084
2025-07-1327,13-7-2025,27,51.16931260918338
2025-07-2027,20-7-2025,27,49.39141993350867
2025-07-2727,27-7-2025,27,49.71057093274482
2025-08-0327,3-8-2025,27,49.89129588512379
2025-08-1027,10-8-2025,27,49.40627235108072
2025-08-1727,17-8-2025,27,49.67222273544092
2025-08-2427,24-8-2025,27,48.72235525491623
2025-08-3127,31-8-2025,27,51.03640388013401
2025-07-0628,6-7-2025,28,33.9822360327733
2025-07-1328,13-7-2025,28,33.89032137220575
2025-07-2028,20-7-2025,28,34.055577736356064
2025-07-2728,27-7-2025,28,33.89032137220575
2025-08-0328,3-8-2025,28,35.437107899863655
2025-08-1028,10-8-2025,28,35.489755777979134
2025-08-1728,17-8-2025,28,35.88661836181714
2025-08-2428,24-8-2025,28,35.68647103520073
2025-08-3128,31-8-2025,28,35.67966337851555
2025-07-0629,6-7-2025,29,52.97800305987689
2025-07-1329,13-7-2025,29,52.45213319530604
2025-07-2029,20-7-2025,29,51.211521820403675
2025-07-2729,27-7-2025,29,44.569773933126214
2025-08-0329,3-8-2025,29,52.68010531987035
2025-08-1029,10-8-2025,29,53.595910004999915
2025-08-1729,17-8-2025,29,55.95153405679291
2025-08-2429,24-8-2025,29,57.17688516220579
2025-08-3129,31-8-2025,29,57.17931490638695
2025-07-0630,6-7-2025,30,34.39074782487951
2025-07-1330,13-7-2025,30,34.35895674835953
2025-07-2030,20-7-2025,30,36.842587006324976
2025-07-2730,27-7-2025,30,35.540803941450235
2025-08-0330,3-8-2025,30,38.10860828979041
2025-08-1030,10-8-2025,30,35.84256634783297
2025-08-1730,17-8-2025,30,35.37293148265198
2025-08-2430,24-8-2025,30,35.37293148265198
2025-08-3130,31-8-2025,30,35.30494367218709
2025-07-0631,6-7-2025,31,0.0
2025-07-1331,13-7-2025,31,0.0
2025-07-2031,20-7-2025,31,0.0
2025-07-2731,27-7-2025,31,0.0
2025-08-0331,3-8-2025,31,0.0
2025-08-1031,10-8-2025,31,0.0
2025-08-1731,17-8-2025,31,0.0
2025-08-2431,24-8-2025,31,0.0
2025-08-3131,31-8-2025,31,0.0
2025-07-0632,6-7-2025,32,26.39393524594892
2025-07-1332,13-7-2025,32,29.059005923709137
2025-07-2032,20-7-2025,32,32.08152398662098
2025-07-2732,27-7-2025,32,33.59545821473612
2025-08-0332,3-8-2025,32,30.60250777703402
2025-08-1032,10-8-2025,32,33.66176764775708
2025-08-1732,17-8-2025,32,41.87564173677178
2025-08-2432,24-8-2025,32,42.132720593500366
2025-08-3132,31-8-2025,32,37.50479837933177
2025-07-0633,6-7-2025,33,57.06023835300728
2025-07-1333,13-7-2025,33,57.58986619106517
2025-07-2033,20-7-2025,33,61.30149998098165
2025-07-2733,27-7-2025,33,60.09429099725181
2025-08-0333,3-8-2025,33,58.35055612123181
2025-08-1033,10-8-2025,33,57.70002589679685
2025-08-1733,17-8-2025,33,57.84637760908689
2025-08-2433,24-8-2025,33,57.70002589679685
2025-08-3133,31-8-2025,33,57.76008225339745
2025-07-0634,6-7-2025,34,60.093166445808585
2025-07-1334,13-7-2025,34,60.83151270385255
2025-07-2034,20-7-2025,34,60.85464524540986
2025-07-2734,27-7-2025,34,60.764818331148845
2025-08-0334,3-8-2025,34,60.41314081680294
2025-08-1034,10-8-2025,34,59.33431852042797
2025-08-1734,17-8-2025,34,60.79315455877669
2025-08-2434,24-8-2025,34,60.33861149049301
2025-08-3134,31-8-2025,34,58.653002071373606
2025-07-0635,6-7-2025,35,7.25089812764574
2025-07-1335,13-7-2025,35,9.006665170711978
2025-07-2035,20-7-2025,35,6.276206444093805
2025-07-2735,27-7-2025,35,6.259266242131353
2025-08-0335,3-8-2025,35,4.037238984364516
2025-08-1035,10-8-2025,35,5.1818584976594
2025-08-1735,17-8-2025,35,5.140069725814726
2025-08-2435,24-8-2025,35,4.393852023538836
2025-08-3135,31-8-2025,35,4.02786148447275
2025-07-0636,6-7-2025,36,60.899814178747505
2025-07-1336,13-7-2025,36,63.70984624859475
2025-07-2036,20-7-2025,36,65.71205580862375
2025-07-2736,27-7-2025,36,68.3648045900707
2025-08-0336,3-8-2025,36,68.18723195921292
2025-08-1036,10-8-2025,36,68.88686627718153
2025-08-1736,17-8-2025,36,67.76515570707463
2025-08-2436,24-8-2025,36,58.74061833229854
2025-08-3136,31-8-2025,36,58.72032083118523
2025-07-0637,6-7-2025,37,77.02443234293487
2025-07-1337,13-7-2025,37,75.77025729546176
2025-07-2037,20-7-2025,37,77.22568910395651
2025-07-2737,27-7-2025,37,77.22568910395651
2025-08-0337,3-8-2025,37,77.57476145464453
2025-08-1037,10-8-2025,37,77.57476145464453
2025-08-1737,17-8-2025,37,77.74126634505888
2025-08-2437,24-8-2025,37,77.14828979251324
2025-08-3137,31-8-2025,37,77.03751530437408
2025-07-0638,6-7-2025,38,65.52420068564545
2025-07-1338,13-7-2025,38,65.60206639803046
2025-07-2038,20-7-2025,38,65.229609027264
2025-07-2738,27-7-2025,38,65.33686934550938
2025-08-0338,3-8-2025,38,65.82888199028716
2025-08-1038,10-8-2025,38,65.57159380300168
2025-08-1738,17-8-2025,38,65.82784751607785
2025-08-2438,24-8-2025,38,65.85829713172572
2025-08-3138,31-8-2025,38,65.76788212582038
2025-07-0639,6-7-2025,39,7.177235626458731
2025-07-1339,13-7-2025,39,7.322154059250968
2025-07-2039,20-7-2025,39,8.758057740891418
2025-07-2739,27-7-2025,39,9.739887749481134
2025-08-0339,3-8-2025,39,12.07819595389168
2025-08-1039,10-8-2025,39,14.356804296489097
2025-08-1739,17-8-2025,39,16.768276935269135
2025-08-2439,24-8-2025,39,17.939012306918382
2025-08-3139,31-8-2025,39,20.54159480954252
2025-07-0640,6-7-2025,40,59.18540590343642
2025-07-1340,13-7-2025,40,58.20377818204181
2025-07-2040,20-7-2025,40,60.74341333547488
2025-07-2740,27-7-2025,40,64.11741023582124
2025-08-0340,3-8-2025,40,66.24621946779418
2025-08-1040,10-8-2025,40,65.46181276447905
2025-08-1740,17-8-2025,40,71.87817017878221
2025-08-2440,24-8-2025,40,71.98777879823365
2025-08-3140,31-8-2025,40,70.0132726323435
2025-07-0641,6-7-2025,41,66.9430119049124
2025-07-1341,13-7-2025,41,64.888447873931
2025-07-2041,20-7-2025,41,64.79696925195059
2025-07-2741,27-7-2025,41,65.84307979498793
2025-08-0341,3-8-2025,41,65.00726508277522
2025-08-1041,10-8-2025,41,65.93165712979241
2025-08-1741,17-8-2025,41,66.39395917212292
2025-08-2441,24-8-2025,41,66.51879900103194
2025-08-3141,31-8-2025,41,64.79125424336598
2025-07-0642,6-7-2025,42,35.30174217511547
2025-07-1342,13-7-2025,42,35.30174217511547
2025-07-2042,20-7-2025,42,35.44665133301947
2025-07-2742,27-7-2025,42,35.76926977456518
2025-08-0342,3-8-2025,42,38.35292736945619
2025-08-1042,10-8-2025,42,38.55068716000515
2025-08-1742,17-8-2025,42,38.55068716000515
2025-08-2442,24-8-2025,42,38.55068716000515
2025-08-3142,31-8-2025,42,38.75253678422643
2025-07-0643,6-7-2025,43,56.89020737080427
2025-07-1343,13-7-2025,43,59.61197363283388
2025-07-2043,20-7-2025,43,60.888764478011616
2025-07-2743,27-7-2025,43,61.47289800719326
2025-08-0343,3-8-2025,43,64.21797975796154
2025-08-1043,10-8-2025,43,64.23591012633332
2025-08-1743,17-8-2025,43,64.21965654293436
2025-08-2443,24-8-2025,43,63.63980242502089
2025-08-3143,31-8-2025,43,57.954887842122936
2025-07-0644,6-7-2025,44,13.24684528836605
2025-07-1344,13-7-2025,44,13.533453631285584
2025-07-2044,20-7-2025,44,15.051490773336443
2025-07-2744,27-7-2025,44,11.873782999301344
2025-08-0344,3-8-2025,44,12.124310596540594
2025-08-1044,10-8-2025,44,10.353524922231028
2025-08-1744,17-8-2025,44,10.240388620023753
2025-08-2444,24-8-2025,44,8.056900542194095
2025-08-3144,31-8-2025,44,8.193548498786141
2025-07-0645,6-7-2025,45,32.063311825624055
2025-07-1345,13-7-2025,45,31.022969521750667
2025-07-2045,20-7-2025,45,31.42402307837161
2025-07-2745,27-7-2025,45,31.049944330464275
2025-08-0345,3-8-2025,45,31.388306225432498
2025-08-1045,10-8-2025,45,31.388306225432498
2025-08-1745,17-8-2025,45,31.377177895105504
2025-08-2445,24-8-2025,45,33.840554276534846
2025-08-3145,31-8-2025,45,31.421379042340156
2025-07-0646,6-7-2025,46,20.775595366604996
2025-07-1346,13-7-2025,46,28.930746192027787
2025-07-2046,20-7-2025,46,30.891642716266833
2025-07-2746,27-7-2025,46,28.930746192027787
2025-08-0346,3-8-2025,46,29.47058544298312
2025-08-1046,10-8-2025,46,29.413588424399045
2025-08-1746,17-8-2025,46,29.47058544298312
2025-08-2446,24-8-2025,46,29.45998809648923
2025-08-3146,31-8-2025,46,29.402991077905153
2025-07-0647,6-7-2025,47,24.11001577302885
2025-07-1347,13-7-2025,47,25.450593940059107
2025-07-2047,20-7-2025,47,24.290939235325368
2025-07-2747,27-7-2025,47,24.09464258300992
2025-08-0347,3-8-2025,47,20.623216222999257
2025-08-1047,10-8-2025,47,22.46424729959608
2025-08-1747,17-8-2025,47,20.06134156516561
2025-08-2447,24-8-2025,47,23.8695667143143
2025-08-3147,31-8-2025,47,20.967607333797503
2025-07-0648,6-7-2025,48,22.875334209834953
2025-07-1348,13-7-2025,48,25.154827680637496
2025-07-2048,20-7-2025,48,21.39211937449059
2025-07-2748,27-7-2025,48,14.226424911925347
2025-08-0348,3-8-2025,48,18.53197114558459
2025-08-1048,10-8-2025,48,14.225719607225193
2025-08-1748,17-8-2025,48,17.658032211086784
2025-08-2448,24-8-2025,48,18.53197114558459
2025-08-3148,31-8-2025,48,19.63691572374931
2025-07-0649,6-7-2025,49,13.773426504452203
2025-07-1349,13-7-2025,49,15.263456106007457
2025-07-2049,20-7-2025,49,11.15623397698665
2025-07-2749,27-7-2025,49,12.993523478826068
2025-08-0349,3-8-2025,49,11.02680412774766
2025-08-1049,10-8-2025,49,12.973213305521442
2025-08-1749,17-8-2025,49,14.111978414507105
2025-08-2449,24-8-2025,49,10.982492277287466
2025-08-3149,31-8-2025,49,10.86632962692568
2025-07-0650,6-7-2025,50,0.0
2025-07-1350,13-7-2025,50,0.0
2025-07-2050,20-7-2025,50,3.1312805691925
2025-07-2750,27-7-2025,50,0.0
2025-08-0350,3-8-2025,50,3.1312805691925
2025-08-1050,10-8-2025,50,3.8186192786447832
2025-08-1750,17-8-2025,50,0.0
2025-08-2450,24-8-2025,50,0.0
2025-08-3150,31-8-2025,50,0.0
2025-07-0651,6-7-2025,51,31.48293603111439
2025-07-1351,13-7-2025,51,33.90819803129841
2025-07-2051,20-7-2025,51,35.18769480550866
2025-07-2751,27-7-2025,51,36.37136068032015
2025-08-0351,3-8-2025,51,33.80165134576909
2025-08-1051,10-8-2025,51,32.986442004748284
2025-08-1751,17-8-2025,51,35.85993758902126
2025-08-2451,24-8-2025,51,35.133848782711276
2025-08-3151,31-8-2025,51,33.296985331373335
2025-07-0652,6-7-2025,52,50.12861330153012
2025-07-1352,13-7-2025,52,50.838440283144664
2025-07-2052,20-7-2025,52,50.87060345094988
2025-07-2752,27-7-2025,52,50.86688430585341
2025-08-0352,3-8-2025,52,50.79171031466462
2025-08-1052,10-8-2025,52,50.79171031466462
2025-08-1752,17-8-2025,52,50.79171031466462
2025-08-2452,24-8-2025,52,50.79171031466462
2025-08-3152,31-8-2025,52,48.87844892900992
2025-07-0653,6-7-2025,53,34.055882770128456
2025-07-1353,13-7-2025,53,34.8353531127428
2025-07-2053,20-7-2025,53,34.95034562884744
2025-07-2753,27-7-2025,53,34.674894395796095
2025-08-0353,3-8-2025,53,34.674894395796095
2025-08-1053,10-8-2025,53,34.63276860235368
2025-08-1753,17-8-2025,53,34.603670032319535
2025-08-2453,24-8-2025,53,34.63276860235368
2025-08-3153,31-8-2025,53,34.63276860235368
2025-07-0654,6-7-2025,54,7.504165598340038
2025-07-1354,13-7-2025,54,10.789912094555596
2025-07-2054,20-7-2025,54,8.138503460371444
2025-07-2754,27-7-2025,54,10.0620952303087
2025-08-0354,3-8-2025,54,10.474833240436148
2025-08-1054,10-8-2025,54,10.570199754954013
2025-08-1754,17-8-2025,54,10.505798459070071
2025-08-2454,24-8-2025,54,10.552796971250508
2025-08-3154,31-8-2025,54,10.41455694485098
2025-07-0655,6-7-2025,55,18.28920385414818
2025-07-1355,13-7-2025,55,16.18826158949051
2025-07-2055,20-7-2025,55,17.388530725881303
2025-07-2755,27-7-2025,55,15.48107254103567
2025-08-0355,3-8-2025,55,17.2101131812821
2025-08-1055,10-8-2025,55,16.34596544847081
2025-08-1755,17-8-2025,55,17.246927087960394
2025-08-2455,24-8-2025,55,17.246927087960394
2025-08-3155,31-8-2025,55,17.25766036262471
2025-07-0656,6-7-2025,56,2.178039335258997
2025-07-1356,13-7-2025,56,2.1397279290931333
2025-07-2056,20-7-2025,56,3.328039335258997
2025-07-2756,27-7-2025,56,2.1397279290931333
2025-08-0356,3-8-2025,56,6.882457368400602
2025-08-1056,10-8-2025,56,6.36853362947161
2025-08-1756,17-8-2025,56,6.36853362947161
2025-08-2456,24-8-2025,56,2.215951152170173
2025-08-3156,31-8-2025,56,6.877983623457022
2025-07-0657,6-7-2025,57,63.063595384804735
2025-07-1357,13-7-2025,57,62.08548191485942
2025-07-2057,20-7-2025,57,61.9380376763502
2025-07-2757,27-7-2025,57,60.99804866721051
2025-08-0357,3-8-2025,57,60.97216300912875
2025-08-1057,10-8-2025,57,61.26760900249721
2025-08-1757,17-8-2025,57,60.45935761960784
2025-08-2457,24-8-2025,57,61.22515623595505
2025-08-3157,31-8-2025,57,61.22515623595505
2025-07-0659,6-7-2025,59,0.0
2025-07-1359,13-7-2025,59,0.0
2025-07-2059,20-7-2025,59,0.0
2025-07-2759,27-7-2025,59,0.0
2025-08-0359,3-8-2025,59,0.0
2025-08-1059,10-8-2025,59,0.0
2025-08-1759,17-8-2025,59,0.0
2025-08-2459,24-8-2025,59,0.0
2025-08-3159,31-8-2025,59,0.0
2025-07-0660,6-7-2025,60,10.82335957759258
2025-07-1360,13-7-2025,60,14.023135082713862
2025-07-2060,20-7-2025,60,14.167192155201784
2025-07-2760,27-7-2025,60,14.374155335606703
2025-08-0360,3-8-2025,60,14.766803524040029
2025-08-1060,10-8-2025,60,17.488780344429006
2025-08-1760,17-8-2025,60,15.315000614539976
2025-08-2460,24-8-2025,60,13.990902175070932
2025-08-3160,31-8-2025,60,15.140911916223102
2025-07-0661,6-7-2025,61,37.04357819155083
2025-07-1361,13-7-2025,61,40.04090158135064
2025-07-2061,20-7-2025,61,34.871286807489334
2025-07-2761,27-7-2025,61,46.99088467378392
2025-08-0361,3-8-2025,61,40.30521710305725
2025-08-1061,10-8-2025,61,46.64613781824931
2025-08-1761,17-8-2025,61,36.21898222194196
2025-08-2461,24-8-2025,61,32.72888411853283
2025-08-3161,31-8-2025,61,29.813195574938593
2025-07-0662,6-7-2025,62,49.78908733515027
2025-07-1362,13-7-2025,62,55.26350846408073
2025-07-2062,20-7-2025,62,55.1554724023177
2025-07-2762,27-7-2025,62,54.63465204760316
2025-08-0362,3-8-2025,62,52.37743629178696
2025-08-1062,10-8-2025,62,54.742050534351606
2025-08-1762,17-8-2025,62,53.46943427919747
2025-08-2462,24-8-2025,62,52.55982702756178
2025-08-3162,31-8-2025,62,49.72108239721128
2025-07-0663,6-7-2025,63,69.59501617160397
2025-07-1363,13-7-2025,63,70.5155918958953
2025-07-2063,20-7-2025,63,70.2872513297284
2025-07-2763,27-7-2025,63,70.77802686313522
2025-08-0363,3-8-2025,63,70.82841146295364
2025-08-1063,10-8-2025,63,70.82841146295364
2025-08-1763,17-8-2025,63,70.82841146295364
2025-08-2463,24-8-2025,63,70.82841146295364
2025-08-3163,31-8-2025,63,70.32948601928456
2025-07-0664,6-7-2025,64,49.17215837196673
2025-07-1364,13-7-2025,64,50.57226592936715
2025-07-2064,20-7-2025,64,52.07981053923074
2025-07-2764,27-7-2025,64,52.22676999692073
2025-08-0364,3-8-2025,64,51.05837638126004
2025-08-1064,10-8-2025,64,51.01125164454702
2025-08-1764,17-8-2025,64,46.85553834717022
2025-08-2464,24-8-2025,64,45.04185994055142
2025-08-3164,31-8-2025,64,47.400693126214655
2025-07-0665,6-7-2025,65,24.384615144684293
2025-07-1365,13-7-2025,65,22.75083049934133
2025-07-2065,20-7-2025,65,20.2770778844934
2025-07-2765,27-7-2025,65,19.596099351235285
2025-08-0365,3-8-2025,65,23.907570017290652
2025-08-1065,10-8-2025,65,19.348505687962103
2025-08-1765,17-8-2025,65,20.118954165563817
2025-08-2465,24-8-2025,65,19.859268328092707
2025-08-3165,31-8-2025,65,19.853575741561112
2025-07-0666,6-7-2025,66,31.26692650139961
2025-07-1366,13-7-2025,66,32.151822434529734
2025-07-2066,20-7-2025,66,34.11365800257501
2025-07-2766,27-7-2025,66,32.70421806813974
2025-08-0366,3-8-2025,66,32.77205569623429
2025-08-1066,10-8-2025,66,34.65091224500742
2025-08-1766,17-8-2025,66,34.563226698241266
2025-08-2466,24-8-2025,66,37.9887123807368
2025-08-3166,31-8-2025,66,32.769988947724364
2025-07-0667,6-7-2025,67,35.48461769354211
2025-07-1367,13-7-2025,67,35.76859645310393
2025-07-2067,20-7-2025,67,34.634639518422496
2025-07-2767,27-7-2025,67,35.448725798105265
2025-08-0367,3-8-2025,67,35.362039586361384
2025-08-1067,10-8-2025,67,35.27150056652177
2025-08-1767,17-8-2025,67,34.87045209589913
2025-08-2467,24-8-2025,67,34.60821189854206
2025-08-3167,31-8-2025,67,34.87045209589913
2025-07-0668,6-7-2025,68,65.91440927650817
2025-07-1368,13-7-2025,68,67.47576200413576
2025-07-2068,20-7-2025,68,64.96330829599403
2025-07-2768,27-7-2025,68,68.47183338641814
2025-08-0368,3-8-2025,68,68.17605652698211
2025-08-1068,10-8-2025,68,68.11269349307074
2025-08-1768,17-8-2025,68,66.27127748406176
2025-08-2468,24-8-2025,68,64.22393732547405
2025-08-3168,31-8-2025,68,63.9416391117308
2025-07-0669,6-7-2025,69,11.498102149124644
2025-07-1369,13-7-2025,69,12.418376432436082
2025-07-2069,20-7-2025,69,12.511343336964922
2025-07-2769,27-7-2025,69,11.627007614489058
2025-08-0369,3-8-2025,69,11.772851963993643
2025-08-1069,10-8-2025,69,13.369784698781942
2025-08-1769,17-8-2025,69,11.730836137291767
2025-08-2469,24-8-2025,69,11.734675085685204
2025-08-3169,31-8-2025,69,11.73604037839256
2025-07-0670,6-7-2025,70,49.90786063709954
2025-07-1370,13-7-2025,70,49.83937287829167
2025-07-2070,20-7-2025,70,49.83424145934951
2025-07-2770,27-7-2025,70,49.957082381728235
2025-08-0370,3-8-2025,70,49.86214683202377
2025-08-1070,10-8-2025,70,49.86214683202377
2025-08-1770,17-8-2025,70,49.90640043682807
2025-08-2470,24-8-2025,70,49.95562218145678
2025-08-3170,31-8-2025,70,49.95562218145678
2025-07-0671,6-7-2025,71,0.0
2025-07-1371,13-7-2025,71,0.0
2025-07-2071,20-7-2025,71,0.0
2025-07-2771,27-7-2025,71,0.0
2025-08-0371,3-8-2025,71,0.0
2025-08-1071,10-8-2025,71,0.0
2025-08-1771,17-8-2025,71,0.0
2025-08-2471,24-8-2025,71,0.0
2025-08-3171,31-8-2025,71,0.0
2025-07-0672,6-7-2025,72,0.0378704429690769
2025-07-1372,13-7-2025,72,0.0789033816785028
2025-07-2072,20-7-2025,72,0.148475208221779
2025-07-2772,27-7-2025,72,0.148475208221779
2025-08-0372,3-8-2025,72,0.148475208221779
2025-08-1072,10-8-2025,72,0.1349252787470712
2025-08-1772,17-8-2025,72,0.3171393153804339
2025-08-2472,24-8-2025,72,0.1471077265459146
2025-08-3172,31-8-2025,72,0.3171393153804339
2025-07-0673,6-7-2025,73,55.55626050694733
2025-07-1373,13-7-2025,73,56.10973359083234
2025-07-2073,20-7-2025,73,55.952421548585555
2025-07-2773,27-7-2025,73,60.61289312805389
2025-08-0373,3-8-2025,73,56.40651397593469
2025-08-1073,10-8-2025,73,59.01950792802137
2025-08-1773,17-8-2025,73,55.843724586457554
2025-08-2473,24-8-2025,73,53.86727885278102
2025-08-3173,31-8-2025,73,50.146460082722655
2025-07-0674,6-7-2025,74,0.0
2025-07-1374,13-7-2025,74,0.0
2025-07-2074,20-7-2025,74,0.0
2025-07-2774,27-7-2025,74,0.0
2025-08-0374,3-8-2025,74,0.0
2025-08-1074,10-8-2025,74,0.0
2025-08-1774,17-8-2025,74,0.0
2025-08-2474,24-8-2025,74,0.0
2025-08-3174,31-8-2025,74,0.0
2025-07-0675,6-7-2025,75,0.0
2025-07-1375,13-7-2025,75,0.0
2025-07-2075,20-7-2025,75,0.0
2025-07-2775,27-7-2025,75,0.0
2025-08-0375,3-8-2025,75,0.0
2025-08-1075,10-8-2025,75,0.0
2025-08-1775,17-8-2025,75,0.0
2025-08-2475,24-8-2025,75,0.0
2025-08-3175,31-8-2025,75,0.0
2025-07-0676,6-7-2025,76,8.435410253933739
2025-07-1376,13-7-2025,76,8.435410253933739
2025-07-2076,20-7-2025,76,8.435410253933739
2025-07-2776,27-7-2025,76,8.512679731422324
2025-08-0376,3-8-2025,76,8.492765530613124
2025-08-1076,10-8-2025,76,8.492765530613124
2025-08-1776,17-8-2025,76,8.871578730982595
2025-08-2476,24-8-2025,76,8.492765530613124
2025-08-3176,31-8-2025,76,8.570035008101708
2025-07-0677,6-7-2025,77,66.19828470580102
2025-07-1377,13-7-2025,77,65.3053306209181
2025-07-2077,20-7-2025,77,66.4161207067365
2025-07-2777,27-7-2025,77,65.39374492728005
2025-08-0377,3-8-2025,77,67.69071300297017
2025-08-1077,10-8-2025,77,67.68310725632553
2025-08-1777,17-8-2025,77,67.70717005740309
2025-08-2477,24-8-2025,77,68.42356712321502
2025-08-3177,31-8-2025,77,66.634803227781
2025-07-0678,6-7-2025,78,40.64487953609035
2025-07-1378,13-7-2025,78,55.40971447952806
2025-07-2078,20-7-2025,78,56.2528447297638
2025-07-2778,27-7-2025,78,54.65870334721185
2025-08-0378,3-8-2025,78,47.64903880595332
2025-08-1078,10-8-2025,78,46.13252045437324
2025-08-1778,17-8-2025,78,47.5210610630963
2025-08-2478,24-8-2025,78,45.97093325314369
2025-08-3178,31-8-2025,78,46.50508265407347
2025-07-0679,6-7-2025,79,56.339374341349234
2025-07-1379,13-7-2025,79,56.13214295768597
2025-07-2079,20-7-2025,79,56.03616178584195
2025-07-2779,27-7-2025,79,55.04593010268624
2025-08-0379,3-8-2025,79,54.7646990032373
2025-08-1079,10-8-2025,79,54.581863985714854
2025-08-1779,17-8-2025,79,54.581863985714854
2025-08-2479,24-8-2025,79,54.73818028047761
2025-08-3179,31-8-2025,79,54.59425842971539
2025-07-0680,6-7-2025,80,40.37081040980639
2025-07-1380,13-7-2025,80,42.22871585707083
2025-07-2080,20-7-2025,80,40.39076958859076
2025-07-2780,27-7-2025,80,40.4275869760031
2025-08-0380,3-8-2025,80,41.216232819993145
2025-08-1080,10-8-2025,80,40.959600947946015
2025-08-1780,17-8-2025,80,40.69167100574135
2025-08-2480,24-8-2025,80,40.5878516698947
2025-08-3180,31-8-2025,80,40.5878516698947
2025-07-0681,6-7-2025,81,0.0
2025-07-1381,13-7-2025,81,0.0
2025-07-2081,20-7-2025,81,0.0
2025-07-2781,27-7-2025,81,0.0
2025-08-0381,3-8-2025,81,0.0
2025-08-1081,10-8-2025,81,0.0
2025-08-1781,17-8-2025,81,0.0
2025-08-2481,24-8-2025,81,0.0
2025-08-3181,31-8-2025,81,0.0
2025-07-0682,6-7-2025,82,32.743091248953874
2025-07-1382,13-7-2025,82,34.50510095496841
2025-07-2082,20-7-2025,82,33.16555213502498
2025-07-2782,27-7-2025,82,35.237182211178784
2025-08-0382,3-8-2025,82,34.04315031972708
2025-08-1082,10-8-2025,82,33.89458272488437
2025-08-1782,17-8-2025,82,34.684882741944655
2025-08-2482,24-8-2025,82,34.9297556943693
2025-08-3182,31-8-2025,82,31.527598456593648
2025-07-0683,6-7-2025,83,39.73572105725232
2025-07-1383,13-7-2025,83,40.07285746416697
2025-07-2083,20-7-2025,83,40.78564846386771
2025-07-2783,27-7-2025,83,40.19562661919548
2025-08-0383,3-8-2025,83,39.96758278347045
2025-08-1083,10-8-2025,83,39.96758278347045
2025-08-1783,17-8-2025,83,40.57832091062295
2025-08-2483,24-8-2025,83,40.06775747015136
2025-08-3183,31-8-2025,83,39.94387928833295
2025-07-0684,6-7-2025,84,54.190756783152146
2025-07-1384,13-7-2025,84,55.25410045659284
2025-07-2084,20-7-2025,84,55.08145967217256
2025-07-2784,27-7-2025,84,55.01105457551712
2025-08-0384,3-8-2025,84,55.676763942816265
2025-08-1084,10-8-2025,84,55.32475446715053
2025-08-1784,17-8-2025,84,54.74658919481543
2025-08-2484,24-8-2025,84,54.32938860915031
2025-08-3184,31-8-2025,84,46.99026552505667
2025-07-0685,6-7-2025,85,48.36023301125363
2025-07-1385,13-7-2025,85,45.53537551405142
2025-07-2085,20-7-2025,85,47.48657718187596
2025-07-2785,27-7-2025,85,48.58582669953186
2025-08-0385,3-8-2025,85,46.48956342319301
2025-08-1085,10-8-2025,85,49.65017259102636
2025-08-1785,17-8-2025,85,46.51339940785561
2025-08-2485,24-8-2025,85,48.006835975546416
2025-08-3185,31-8-2025,85,46.49454865929439
2025-07-0686,6-7-2025,86,13.221693895863131
2025-07-1386,13-7-2025,86,15.517970573218854
2025-07-2086,20-7-2025,86,15.909283636146323
2025-07-2786,27-7-2025,86,12.655622681089628
2025-08-0386,3-8-2025,86,10.509112467683115
2025-08-1086,10-8-2025,86,12.9583194329
2025-08-1786,17-8-2025,86,11.649599600772657
2025-08-2486,24-8-2025,86,11.115859407674824
2025-08-3186,31-8-2025,86,11.024626027565326
2025-07-0687,6-7-2025,87,42.724765350456266
2025-07-1387,13-7-2025,87,49.95896697777173
2025-07-2087,20-7-2025,87,52.17738672705568
2025-07-2787,27-7-2025,87,57.85007024276746
2025-08-0387,3-8-2025,87,57.7353964356151
2025-08-1087,10-8-2025,87,59.25258977444254
2025-08-1787,17-8-2025,87,57.69091768134675
2025-08-2487,24-8-2025,87,50.19889221280359
2025-08-3187,31-8-2025,87,52.26439380132176
2025-07-0688,6-7-2025,88,20.182970056947894
2025-07-1388,13-7-2025,88,19.69159498186505
2025-07-2088,20-7-2025,88,44.0859261994374
2025-07-2788,27-7-2025,88,19.610774122337048
2025-08-0388,3-8-2025,88,18.351842331943253
2025-08-1088,10-8-2025,88,18.30461419256471
2025-08-1788,17-8-2025,88,17.584038274032537
2025-08-2488,24-8-2025,88,17.400529238460713
2025-08-3188,31-8-2025,88,15.434250005914604
2025-07-0689,6-7-2025,89,0.0
2025-07-1389,13-7-2025,89,0.0
2025-07-2089,20-7-2025,89,0.0
2025-07-2789,27-7-2025,89,0.0
2025-08-0389,3-8-2025,89,0.0
2025-08-1089,10-8-2025,89,0.0
2025-08-1789,17-8-2025,89,0.0
2025-08-2489,24-8-2025,89,0.0
2025-08-3189,31-8-2025,89,0.0
2025-07-0690,6-7-2025,90,27.852413565096704
2025-07-1390,13-7-2025,90,27.733263552137345
2025-07-2090,20-7-2025,90,28.221531658436135
2025-07-2790,27-7-2025,90,29.360905826103032
2025-08-0390,3-8-2025,90,29.671428801026373
2025-08-1090,10-8-2025,90,31.385709762856884
2025-08-1790,17-8-2025,90,28.213372081086604
2025-08-2490,24-8-2025,90,25.506410131305778
2025-08-3190,31-8-2025,90,24.893879740819777
2025-07-0691,6-7-2025,91,48.24480280341438
2025-07-1391,13-7-2025,91,47.32863436591439
2025-07-2091,20-7-2025,91,47.31359268867787
2025-07-2791,27-7-2025,91,47.0758525206095
2025-08-0391,3-8-2025,91,46.53248858801359
2025-08-1091,10-8-2025,91,46.53248858801359
2025-08-1791,17-8-2025,91,46.53248858801359
2025-08-2491,24-8-2025,91,46.43821841030589
2025-08-3191,31-8-2025,91,45.93922597757786
2025-07-0692,6-7-2025,92,35.426201931637806
2025-07-1392,13-7-2025,92,40.757085304267264
2025-07-2092,20-7-2025,92,43.06287455695866
2025-07-2792,27-7-2025,92,38.95176080956284
2025-08-0392,3-8-2025,92,38.41158440700695
2025-08-1092,10-8-2025,92,36.98962939927903
2025-08-1792,17-8-2025,92,38.25443963328906
2025-08-2492,24-8-2025,92,36.687533621073605
2025-08-3192,31-8-2025,92,36.687533621073605
2025-07-0693,6-7-2025,93,27.225171627620853
2025-07-1393,13-7-2025,93,26.086877521097215
2025-07-2093,20-7-2025,93,27.790714119924463
2025-07-2793,27-7-2025,93,26.1997256642375
2025-08-0393,3-8-2025,93,26.649598241264243
2025-08-1093,10-8-2025,93,26.71218750040806
2025-08-1793,17-8-2025,93,26.725326738706936
2025-08-2493,24-8-2025,93,26.65562686538645
2025-08-3193,31-8-2025,93,26.807384570808285
2025-07-0694,6-7-2025,94,18.850967082023217
2025-07-1394,13-7-2025,94,19.18089020534229
2025-07-2094,20-7-2025,94,23.830616287153493
2025-07-2794,27-7-2025,94,20.568800456553696
2025-08-0394,3-8-2025,94,24.66976454585271
2025-08-1094,10-8-2025,94,22.56129972790048
2025-08-1794,17-8-2025,94,18.87112911158882
2025-08-2494,24-8-2025,94,17.487509086198518
2025-08-3194,31-8-2025,94,19.24081108693607
2025-07-0695,6-7-2025,95,14.248404637471271
2025-07-1395,13-7-2025,95,11.15222112422224
2025-07-2095,20-7-2025,95,16.57221038998056
2025-07-2795,27-7-2025,95,16.59552757939587
2025-08-0395,3-8-2025,95,16.445482054211407
2025-08-1095,10-8-2025,95,16.702657222105334
2025-08-1795,17-8-2025,95,16.229102510119564
2025-08-2495,24-8-2025,95,16.242515384530126
2025-08-3195,31-8-2025,95,16.219956052726403
2025-07-0696,6-7-2025,96,38.979319878141986
2025-07-1396,13-7-2025,96,39.432371881756694
2025-07-2096,20-7-2025,96,39.35539807338783
2025-07-2796,27-7-2025,96,41.23337909649547
2025-08-0396,3-8-2025,96,45.60339877068527
2025-08-1096,10-8-2025,96,51.67572281807032
2025-08-1796,17-8-2025,96,45.136827455121995
2025-08-2496,24-8-2025,96,47.15282460030665
2025-08-3196,31-8-2025,96,47.04819979614124
2025-07-0697,6-7-2025,97,23.116281190537023
2025-07-1397,13-7-2025,97,25.974291403608788
2025-07-2097,20-7-2025,97,25.014164964680248
2025-07-2797,27-7-2025,97,24.26181959385762
2025-08-0397,3-8-2025,97,28.68948123037943
2025-08-1097,10-8-2025,97,28.836097775329566
2025-08-1797,17-8-2025,97,30.03925074974056
2025-08-2497,24-8-2025,97,30.02610925719552
2025-08-3197,31-8-2025,97,33.57100793610867
2025-07-0698,6-7-2025,98,6.343363751798737
2025-07-1398,13-7-2025,98,6.46903431221448
2025-07-2098,20-7-2025,98,6.44910828949482
2025-07-2798,27-7-2025,98,5.945135805186752
2025-08-0398,3-8-2025,98,5.909805573655622
2025-08-1098,10-8-2025,98,6.368743162639909
2025-08-1798,17-8-2025,98,5.862189097582501
2025-08-2498,24-8-2025,98,5.862321593874641
2025-08-3198,31-8-2025,98,6.442577520653587
2025-07-0699,6-7-2025,99,28.253187346952053
2025-07-1399,13-7-2025,99,30.50716083322159
2025-07-2099,20-7-2025,99,28.067343111044636
2025-07-2799,27-7-2025,99,30.00383715848452
2025-08-0399,3-8-2025,99,31.476255508897157
2025-08-1099,10-8-2025,99,29.81216997009787
2025-08-1799,17-8-2025,99,30.512988373819788
2025-08-2499,24-8-2025,99,30.081453313232934
2025-08-3199,31-8-2025,99,30.189856449442516
2025-07-06100,6-7-2025,100,29.449660758268227
2025-07-13100,13-7-2025,100,29.449660758268227
2025-07-20100,20-7-2025,100,29.38420242327152
2025-07-27100,27-7-2025,100,30.36143180557361
2025-08-03100,3-8-2025,100,29.459822318997656
2025-08-10100,10-8-2025,100,29.459822318997656
2025-08-17100,17-8-2025,100,29.459822318997656
2025-08-24100,24-8-2025,100,30.52328899324782
2025-08-31100,31-8-2025,100,30.2704726018834
2025-07-06101,6-7-2025,101,10.58798579965625
2025-07-13101,13-7-2025,101,9.632525733282996
2025-07-20101,20-7-2025,101,10.116835204968458
2025-07-27101,27-7-2025,101,9.986340395075132
2025-08-03101,3-8-2025,101,10.282407576814013
2025-08-10101,10-8-2025,101,8.340997045823638
2025-08-17101,17-8-2025,101,9.248554738714638
2025-08-24101,24-8-2025,101,9.007163167305675
2025-08-31101,31-8-2025,101,8.272255187602852
2025-07-06102,6-7-2025,102,45.15125492191575
2025-07-13102,13-7-2025,102,45.834059957176734
2025-07-20102,20-7-2025,102,45.72922286940772
2025-07-27102,27-7-2025,102,45.72922286940772
2025-08-03102,3-8-2025,102,45.72922286940772
2025-08-10102,10-8-2025,102,45.72922286940772
2025-08-17102,17-8-2025,102,45.72922286940772
2025-08-24102,24-8-2025,102,44.344311235193466
2025-08-31102,31-8-2025,102,43.85010618876371
2025-07-06103,6-7-2025,103,62.214251283044305
2025-07-13103,13-7-2025,103,60.59176936101629
2025-07-20103,20-7-2025,103,59.57663941042075
2025-07-27103,27-7-2025,103,61.360695959593784
2025-08-03103,3-8-2025,103,60.740866194368934
2025-08-10103,10-8-2025,103,60.72525407634086
2025-08-17103,17-8-2025,103,58.65324380814637
2025-08-24103,24-8-2025,103,52.526899333588034
2025-08-31103,31-8-2025,103,52.68018828330486
2025-07-06104,6-7-2025,104,68.08825343903385
2025-07-13104,13-7-2025,104,68.08825343903385
2025-07-20104,20-7-2025,104,68.08825343903385
2025-07-27104,27-7-2025,104,67.79059093903383
2025-08-03104,3-8-2025,104,65.63552681948235
2025-08-10104,10-8-2025,104,65.63552681948235
2025-08-17104,17-8-2025,104,63.13882200280765
2025-08-24104,24-8-2025,104,60.56808244983824
2025-08-31104,31-8-2025,104,57.73989166297047
2025-07-06105,6-7-2025,105,58.41535216758312
2025-07-13105,13-7-2025,105,58.41535216758312
2025-07-20105,20-7-2025,105,58.41535216758312
2025-07-27105,27-7-2025,105,58.41535216758312
2025-08-03105,3-8-2025,105,45.862290085505855
2025-08-10105,10-8-2025,105,39.74034916175301
2025-08-17105,17-8-2025,105,38.100005782710475
2025-08-24105,24-8-2025,105,37.57092220168584
2025-08-31105,31-8-2025,105,37.57092220168584
2025-07-06106,6-7-2025,106,63.984571357615614
2025-07-13106,13-7-2025,106,65.29404495738927
2025-07-20106,20-7-2025,106,55.43650216997775
2025-07-27106,27-7-2025,106,59.40250977215878
2025-08-03106,3-8-2025,106,53.16620049637226
2025-08-10106,10-8-2025,106,50.347711206050626
2025-08-17106,17-8-2025,106,43.47223405897187
2025-08-24106,24-8-2025,106,41.53937899443533
2025-08-31106,31-8-2025,106,40.54994498805631
2025-07-06107,6-7-2025,107,34.948369242660874
2025-07-13107,13-7-2025,107,35.05075896420466
2025-07-20107,20-7-2025,107,27.589189632109836
2025-07-27107,27-7-2025,107,30.11614312827769
2025-08-03107,3-8-2025,107,35.80512828722253
2025-08-10107,10-8-2025,107,36.9437766648615
2025-08-17107,17-8-2025,107,36.83593559891018
2025-08-24107,24-8-2025,107,36.9437766648615
2025-08-31107,31-8-2025,107,28.67086520601099
2025-07-06108,6-7-2025,108,59.50168259824943
2025-07-13108,13-7-2025,108,59.92218821864763
2025-07-20108,20-7-2025,108,54.73318227420802
2025-07-27108,27-7-2025,108,59.29943883558794
2025-08-03108,3-8-2025,108,57.38746307831139
2025-08-10108,10-8-2025,108,54.623631800248795
2025-08-17108,17-8-2025,108,51.32221873410818
2025-08-24108,24-8-2025,108,51.26819870560444
2025-08-31108,31-8-2025,108,53.13137712051742
2025-07-06109,6-7-2025,109,37.81460363867521
2025-07-13109,13-7-2025,109,36.864673922261446
2025-07-20109,20-7-2025,109,36.97042765106408
2025-07-27109,27-7-2025,109,36.38393824122466
2025-08-03109,3-8-2025,109,35.31344844200837
2025-08-10109,10-8-2025,109,35.30140387068315
2025-08-17109,17-8-2025,109,35.30140387068315
2025-08-24109,24-8-2025,109,35.30140387068315
2025-08-31109,31-8-2025,109,36.46677059518628
2025-07-06110,6-7-2025,110,18.397540681101123
2025-07-13110,13-7-2025,110,18.397540681101123
2025-07-20110,20-7-2025,110,17.052540681101124
2025-07-27110,27-7-2025,110,14.529119348048916
2025-08-03110,3-8-2025,110,3.8782581957090447
2025-08-10110,10-8-2025,110,3.8782581957090447
2025-08-17110,17-8-2025,110,0.0
2025-08-24110,24-8-2025,110,0.0
2025-08-31110,31-8-2025,110,0.0
2025-07-06111,6-7-2025,111,33.05923166656881
2025-07-13111,13-7-2025,111,21.618302774523094
2025-07-20111,20-7-2025,111,15.015829423885814
2025-07-27111,27-7-2025,111,14.428067133268044
2025-08-03111,3-8-2025,111,16.05177180926436
2025-08-10111,10-8-2025,111,15.356048986756214
2025-08-17111,17-8-2025,111,13.096910469763102
2025-08-24111,24-8-2025,111,13.096910469763102
2025-08-31111,31-8-2025,111,13.096910469763102
2025-07-06112,6-7-2025,112,29.37026191682473
2025-07-13112,13-7-2025,112,35.27513328576206
2025-07-20112,20-7-2025,112,30.17430550098041
2025-07-27112,27-7-2025,112,41.724682982506515
2025-08-03112,3-8-2025,112,39.894388209964625
2025-08-10112,10-8-2025,112,46.09371042517696
2025-08-17112,17-8-2025,112,46.36165568764901
2025-08-24112,24-8-2025,112,49.94421107008943
2025-08-31112,31-8-2025,112,51.08940626460481
2025-07-06113,6-7-2025,113,7.253856332075531
2025-07-13113,13-7-2025,113,7.397818659801068
2025-07-20113,20-7-2025,113,7.615153338422052
2025-07-27113,27-7-2025,113,7.601136821937347
2025-08-03113,3-8-2025,113,7.6039451228565
2025-08-10113,10-8-2025,113,7.6039451228565
2025-08-17113,17-8-2025,113,5.733687285961489
2025-08-24113,24-8-2025,113,7.012245874015292
2025-08-31113,31-8-2025,113,3.5552485042134596
2025-07-06114,6-7-2025,114,49.55296960746752
2025-07-13114,13-7-2025,114,50.633297240981435
2025-07-20114,20-7-2025,114,52.94389902862889
2025-07-27114,27-7-2025,114,52.94389902862889
2025-08-03114,3-8-2025,114,51.414771295385314
2025-08-10114,10-8-2025,114,41.536470924412384
2025-08-17114,17-8-2025,114,49.30851547647423
2025-08-24114,24-8-2025,114,38.97719331821109
2025-08-31114,31-8-2025,114,27.738461648423467
2025-07-06115,6-7-2025,115,30.82940611541575
2025-07-13115,13-7-2025,115,30.82940611541575
2025-07-20115,20-7-2025,115,30.82940611541575
2025-07-27115,27-7-2025,115,23.04865433143582
2025-08-03115,3-8-2025,115,21.65206543780839
2025-08-10115,10-8-2025,115,21.37770001444028
2025-08-17115,17-8-2025,115,20.648195751173436
2025-08-24115,24-8-2025,115,21.274260346335584
2025-08-31115,31-8-2025,115,20.53155098198898
2025-07-06116,6-7-2025,116,17.90636253440195
2025-07-13116,13-7-2025,116,31.46517887958658
2025-07-20116,20-7-2025,116,31.655555737026035
2025-07-27116,27-7-2025,116,31.580234942591577
2025-08-03116,3-8-2025,116,31.49741882299316
2025-08-10116,10-8-2025,116,31.000886902461705
2025-08-17116,17-8-2025,116,31.000886902461705
2025-08-24116,24-8-2025,116,29.84288426668738
2025-08-31116,31-8-2025,116,16.971053278519623
2025-07-06117,6-7-2025,117,34.28597533956658
2025-07-13117,13-7-2025,117,37.998598540956415
2025-07-20117,20-7-2025,117,37.77321000964189
2025-07-27117,27-7-2025,117,39.539580964578875
2025-08-03117,3-8-2025,117,39.09563982276834
2025-08-10117,10-8-2025,117,39.07920320497233
2025-08-17117,17-8-2025,117,39.07920320497233
2025-08-24117,24-8-2025,117,36.92686702812703
2025-08-31117,31-8-2025,117,30.811536311680698
2025-07-06118,6-7-2025,118,44.869024418089055
2025-07-13118,13-7-2025,118,43.95964059347307
2025-07-20118,20-7-2025,118,40.39207035440374
2025-07-27118,27-7-2025,118,40.67922350411611
2025-08-03118,3-8-2025,118,39.86450017424129
2025-08-10118,10-8-2025,118,39.34576831855021
2025-08-17118,17-8-2025,118,39.34576831855021
2025-08-24118,24-8-2025,118,37.63209775821131
2025-08-31118,31-8-2025,118,32.247643273687814
2025-07-06119,6-7-2025,119,72.91685580468331
2025-07-13119,13-7-2025,119,75.11547321749732
2025-07-20119,20-7-2025,119,74.41685713173473
2025-07-27119,27-7-2025,119,75.4392554846821
2025-08-03119,3-8-2025,119,76.99897455225926
2025-08-10119,10-8-2025,119,72.32044919920492
2025-08-17119,17-8-2025,119,74.70158657456187
2025-08-24119,24-8-2025,119,72.837225280317
2025-08-31119,31-8-2025,119,72.77410103049297
2025-07-06120,6-7-2025,120,64.63698208435929
2025-07-13120,13-7-2025,120,64.7993570052864
2025-07-20120,20-7-2025,120,65.02989888617655
2025-07-27120,27-7-2025,120,65.58778247351907
2025-08-03120,3-8-2025,120,65.55078517910424
2025-08-10120,10-8-2025,120,65.5642008255526
2025-08-17120,17-8-2025,120,65.51827872690262
2025-08-24120,24-8-2025,120,65.46642431670872
2025-08-31120,31-8-2025,120,65.31240141754483
2025-07-06121,6-7-2025,121,69.74692594665851
2025-07-13121,13-7-2025,121,69.33926058177701
2025-07-20121,20-7-2025,121,68.6043798378173
2025-07-27121,27-7-2025,121,69.157726426522
2025-08-03121,3-8-2025,121,68.71799049588034
2025-08-10121,10-8-2025,121,68.76400035518017
2025-08-17121,17-8-2025,121,66.52778536913152
2025-08-24121,24-8-2025,121,68.30003857840049
2025-08-31121,31-8-2025,121,68.82344952656098
2025-07-06122,6-7-2025,122,71.36839222848532
2025-07-13122,13-7-2025,122,71.49527363960793
2025-07-20122,20-7-2025,122,70.8454312604781
2025-07-27122,27-7-2025,122,70.8454312604781
2025-08-03122,3-8-2025,122,70.8595467183665
2025-08-10122,10-8-2025,122,70.81263261068015
2025-08-17122,17-8-2025,122,70.81263261068015
2025-08-24122,24-8-2025,122,70.81263261068015
2025-08-31122,31-8-2025,122,70.81263261068015
2025-07-06123,6-7-2025,123,0.0
2025-07-13123,13-7-2025,123,0.0
2025-07-20123,20-7-2025,123,0.0
2025-07-27123,27-7-2025,123,0.0
2025-08-03123,3-8-2025,123,0.0
2025-08-10123,10-8-2025,123,0.0
2025-08-17123,17-8-2025,123,0.0
2025-08-24123,24-8-2025,123,0.0
2025-08-31123,31-8-2025,123,0.0
2025-07-06124,6-7-2025,124,38.928884174990024
2025-07-13124,13-7-2025,124,42.85832468335208
2025-07-20124,20-7-2025,124,44.254912179219815
2025-07-27124,27-7-2025,124,44.93109287699175
2025-08-03124,3-8-2025,124,40.94753609118659
2025-08-10124,10-8-2025,124,44.31442932162255
2025-08-17124,17-8-2025,124,44.30345405868851
2025-08-24124,24-8-2025,124,43.20721583022369
2025-08-31124,31-8-2025,124,41.63373019028423
2025-07-06125,6-7-2025,125,34.52906401771436
2025-07-13125,13-7-2025,125,35.1211828640079
2025-07-20125,20-7-2025,125,31.84064776117225
2025-07-27125,27-7-2025,125,29.00614173055044
2025-08-03125,3-8-2025,125,34.39650580393748
2025-08-10125,10-8-2025,125,32.61273223299135
2025-08-17125,17-8-2025,125,32.13905448527388
2025-08-24125,24-8-2025,125,30.242530153526676
2025-08-31125,31-8-2025,125,31.13448366181122
2025-07-06126,6-7-2025,126,42.24002311883575
2025-07-13126,13-7-2025,126,41.88962407071248
2025-07-20126,20-7-2025,126,41.50040523732735
2025-07-27126,27-7-2025,126,42.03103561145985
2025-08-03126,3-8-2025,126,41.80146867349098
2025-08-10126,10-8-2025,126,41.7798083097589
2025-08-17126,17-8-2025,126,41.88025199706448
2025-08-24126,24-8-2025,126,41.545716486453365
2025-08-31126,31-8-2025,126,41.57068904366308
2025-07-06127,6-7-2025,127,16.44171353111531
2025-07-13127,13-7-2025,127,21.52175150419891
2025-07-20127,20-7-2025,127,35.163812706446414
2025-07-27127,27-7-2025,127,40.68377723027036
2025-08-03127,3-8-2025,127,43.386833907113854
2025-08-10127,10-8-2025,127,44.71847745006338
2025-08-17127,17-8-2025,127,45.88194347962272
2025-08-24127,24-8-2025,127,45.31245455647735
2025-08-31127,31-8-2025,127,45.317870169897546
2025-07-06128,6-7-2025,128,0.0
2025-07-13128,13-7-2025,128,0.0
2025-07-20128,20-7-2025,128,0.0
2025-07-27128,27-7-2025,128,0.0
2025-08-03128,3-8-2025,128,0.0
2025-08-10128,10-8-2025,128,0.0
2025-08-17128,17-8-2025,128,0.0
2025-08-24128,24-8-2025,128,0.0
2025-08-31128,31-8-2025,128,0.0
2025-07-06129,6-7-2025,129,21.520981376087732
2025-07-13129,13-7-2025,129,21.209380610903988
2025-07-20129,20-7-2025,129,20.793541224035643
2025-07-27129,27-7-2025,129,20.221104117553207
2025-08-03129,3-8-2025,129,21.112203231120997
2025-08-10129,10-8-2025,129,19.561620610049065
2025-08-17129,17-8-2025,129,20.78572552193364
2025-08-24129,24-8-2025,129,19.677969509068785
2025-08-31129,31-8-2025,129,20.51209269231857
